1680014781057 245.71095085144043 0
1680015021961 240.89173531532288 1
1680015249675 227.70770907402039 2
1680015476692 227.00966501235962 3
1680015703044 226.34412384033203 4
1680015929120 226.06810569763184 5
1680016155456 226.326975107193 6
1680016381564 226.10060620307922 7
1680016606561 224.99055671691895 8
1680016830928 224.35952925682068 9
1680017057040 226.1041066646576 10
1680017283236 226.18825316429138 11
1680017510129 226.88576006889343 12
1680017736605 226.46824669837952 13
1680017962570 225.95773077011108 14
1680018190536 227.9593095779419 15
1680018418019 227.47470903396606 16
1680018645000 226.9731981754303 17
1680018872287 227.27970504760742 18
1680019100818 228.52223324775696 19
