1680014781050 0.13537832850249865 0
1680015021950 0.06927601846375613 1
1680015249669 0.03184468705853027 2
1680015476686 0.015312198141390416 3
1680015703039 0.010487235819524083 4
1680015929114 0.004074198371847492 5
1680016155449 0.008310722633077897 6
1680016381558 0.0014917626529358551 7
1680016606555 0.0008801436877997388 8
1680016830922 0.0008043660286749664 9
1680017057034 0.0007406144346442068 10
1680017283230 0.0008551518108002485 11
1680017510123 0.0007187208621475762 12
1680017736599 0.000669212299041166 13
1680017962564 0.0006055698233964944 14
1680018190530 0.0005649472179900337 15
1680018418012 0.00397877454738151 16
1680018644994 0.03553736805715548 17
1680018872280 0.027453442181771 18
1680019100811 0.012395875306254467 19
