1680014781052 0.938508064516129 0
1680015021956 0.9862231182795699 1
1680015249671 0.9858870967741935 2
1680015476688 0.9966397849462365 3
1680015703040 0.9976478494623656 4
1680015929116 0.9986559139784946 5
1680016155451 0.9983198924731183 6
1680016381559 0.998991935483871 7
1680016606557 0.9993279569892473 8
1680016830924 0.9993279569892473 9
1680017057036 0.9993279569892473 10
1680017283232 0.9996639784946236 11
1680017510125 0.9996639784946236 12
1680017736601 0.9996639784946236 13
1680017962565 0.9996639784946236 14
1680018190532 0.9993279569892473 15
1680018418014 0.9979838709677419 16
1680018644995 0.9879032258064516 17
1680018872283 0.9929435483870968 18
1680019100813 0.9973118279569892 19
