1679938055456 241.77800035476685 0
1679938295174 239.71050095558167 1
1679938534454 239.27299785614014 2
1679938774021 239.55999636650085 3
1679939013643 239.61400032043457 4
1679939260815 247.16400027275085 5
1679939508681 247.85849714279175 6
1679939748898 240.2100007534027 7
1679939991584 242.67799997329712 8
1679940235611 244.0199999809265 9
1679940477724 242.1065011024475 10
1679940721304 243.57200050354004 11
1679940963231 241.92099952697754 12
1679941203787 240.54799962043762 13
1679941444512 240.71750211715698 14
1679941685634 241.11450171470642 15
1679941930971 245.32950258255005 16
1679942174414 243.4350004196167 17
1679942419686 245.26400065422058 18
1679942662074 242.3794960975647 19
