1679938055450 0.36306231262770794 0
1679938295168 0.1986595763419874 1
1679938534448 0.2543291463172986 2
1679938774015 0.13930627226093453 3
1679939013637 0.14802340921304816 4
1679939260808 0.06574883618904401 5
1679939508675 0.06984766137859325 6
1679939748893 0.0668234542009887 7
1679939991578 0.08534337261566272 8
1679940235605 0.05356664375956007 9
1679940477718 0.06843148385933377 10
1679940721298 0.05432391908020876 11
1679940963226 0.055604677051481026 12
1679941203781 0.0450068159383234 13
1679941444506 0.03213760903928296 14
1679941685628 0.02828656762599577 15
1679941930965 0.031788417424867516 16
1679942174408 0.03485671910699659 17
1679942419680 0.023881094965997114 18
1679942662068 0.020459619077492528 19
