1679938055452 0.8647456630578079 0
1679938295170 0.9153190238252874 1
1679938534450 0.8982652161304336 2
1679938774017 0.9488385769417271 3
1679939013638 0.9429579535430755 4
1679939260811 0.9732431638104114 5
1679939508677 0.974125257294797 6
1679939748894 0.97559541311379 7
1679939991579 0.9697147897677154 8
1679940235606 0.9814760364773903 9
1679940477720 0.972361070273449 10
1679940721299 0.9755954131313157 11
1679940963227 0.976771537783005 12
1679941203783 0.980005880623346 13
1679941444507 0.9876506909732432 14
1679941685630 0.9888268156424581 15
1679941930967 0.9870626286561613 16
1679942174410 0.985592472802117 17
1679942419682 0.9882387533078506 18
1679942662070 0.9920611584827992 19
