1680030301685 242.93750023841858 0
1680030530803 229.10550022125244 1
1680030756639 225.82899975776672 2
1680030978239 221.59250020980835 3
1680031198706 220.45999932289124 4
1680031419304 220.5900001525879 5
1680031640249 220.9385004043579 6
1680031860327 220.06950044631958 7
1680032081049 220.71550107002258 8
1680032301222 220.16499996185303 9
1680032522239 221.00999975204468 10
1680032742850 220.6029999256134 11
1680032963389 220.53149914741516 12
1680033184941 221.54400062561035 13
1680033406278 221.33000016212463 14
1680033627932 221.6459994316101 15
1680033847691 219.75149989128113 16
1680034067837 220.13899779319763 17
1680034288151 220.30599975585938 18
1680034508268 220.10299921035767 19
