1680030301680 0.7748655913978495 0
1680030530798 0.8528225806451613 1
1680030756635 0.8827284946236559 2
1680030978235 0.9126344086021505 3
1680031198702 0.9395161290322581 4
1680031419299 0.9512768817204301 5
1680031640245 0.9418682795698925 6
1680031860322 0.9566532258064516 7
1680032081045 0.9633736559139785 8
1680032301218 0.9623655913978495 9
1680032522235 0.9657258064516129 10
1680032742846 0.9680779569892473 11
1680032963385 0.9670698924731183 12
1680033184937 0.9734543010752689 13
1680033406274 0.9700940860215054 14
1680033627928 0.9724462365591398 15
1680033847687 0.9741263440860215 16
1680034067833 0.9711021505376344 17
1680034288146 0.9788306451612904 18
1680034508264 0.9831989247311828 19
