1680030301678 0.582375895272019 0
1680030530792 0.3179604510466258 1
1680030756633 0.25470818242719095 2
1680030978233 0.20099024458598064 3
1680031198700 0.14735526126879517 4
1680031419298 0.13940965175949116 5
1680031640243 0.15276615193454168 6
1680031860321 0.10619415386870343 7
1680032081044 0.13254129616243224 8
1680032301216 0.10096700225145586 9
1680032522233 0.08338325580842393 10
1680032742843 0.08402299742785192 11
1680032963383 0.081197662739664 12
1680033184935 0.0645704284630796 13
1680033406272 0.08135313869163555 14
1680033627926 0.06607519092178472 15
1680033847685 0.05865524668166394 16
1680034067831 0.07592158933841092 17
1680034288145 0.05794661909201613 18
1680034508255 0.04258691223077877 19
